"V1"	"V2"
6.57571363148876	5.40077130962145
4.18374236510012	3.40639090437333
7.96677845317484	3.37760297694254
4.48878758491378	3.20220299599756
7.12675585934928	3.40451320846021
6.01951002590821	3.3870652043714
5.41799474638375	2.15758173668643
5.17619822352937	4.66295810496865
6.65497546419477	1.70885181619658
7.54920035198421	4.42861089376158
5.528242938828	5.52473973240214
6.08031852582125	2.38173770350134
8.52815085273286	3.17627974025398
5.84203104995756	4.75779353560884
7.62403114437817	4.5866033517255
3.1364027331815	3.41049661534421
3.04747408197179	4.36836530165483
5.08281121455642	4.75658528902793
10.3091645913279	1.90413465059276
3.39668050348995	4.16845207066816
4.25991098997367	4.75419839196337
4.56694407519987	2.85415381444692
0.199259144134357	2.61949294066434
5.38487450417296	1.97140120542997
6.7183541044798	3.67502556922185
5.18598846272938	2.08654510914129
3.19797771579159	3.98090808588371
8.64898298489437	1.8977536943713
9.0006176622576	1.77178170029571
7.43699556821351	3.15464611033635
2.89351158611459	3.88255313368421
4.88995825992976	7.02750929892901
6.28663138555764	2.91058203020758
6.82274771023024	2.14911581746847
6.88831098457315	3.21638244735249
8.47062685974844	3.02004452956462
7.69800133851622	3.02145020733023
8.00357818682062	2.32010577068102
5.07926150868887	3.39706352356354
8.61454644342992	3.0882396863747
3.59895264546347	1.77206349338894
6.14614699708794	1.75243855736574
4.76313519578057	3.64491094604707
3.49189180576736	4.62701922346295
6.8851531249073	2.55241589350205
4.27079205931522	2.47781997788007
2.72196545105153	1.94128153982443
4.69410431058925	2.10958356799312
8.36577841945843	1.84927849124166
8.0415088038738	1.64022456480365
5.43186209872691	0.633005804201672
7.714328899381	3.4320413463483
5.98659943907073	4.78051551928703
3.38595666567279	3.21874648753968
6.39090864414305	2.10685932921123
8.22655179564683	2.22247646014578
4.88218772995114	5.9206353043664
6.10840135714803	2.39665822065466
7.28696864330651	1.49952813265823
3.88523924133735	4.88246724741423
5.41662305390289	3.92130765449362
5.22754176350659	1.49936248966235
5.78686948017733	2.12081253245535
7.50310919939916	1.90481300321416
5.02217861086155	4.14876401785386
2.21117969153442	2.2454646012564
5.17739073833337	3.36754405438301
3.75306180408464	3.22164396076078
5.97344290151316	2.55350422668523
3.68669045475243	1.97588233055667
6.96630751239828	2.05146859499598
6.22119967218461	5.08721825199553
3.60041257882388	4.32406723928112
6.2136757885963	4.58267068746478
5.51345931608382	1.63704569819839
3.89179026670286	4.45968304758498
4.5329084987336	1.95139380237246
7.69034151376397	3.07205674731108
4.53819105647933	4.75250180450087
5.9503711354195	4.38790625571358
5.90028726377095	4.75552398335391
5.62830220976008	2.14965850088013
8.72620698223211	1.74620021819815
2.4185067656276	3.22573146579323
4.41799188579533	3.88518053792534
5.95914625676444	4.07131437480812
3.21855264092048	2.99452747959223
4.36037683959872	1.92570355554926
6.08401979924402	4.7700739440649
6.26184445289381	2.05660995619411
3.7347436314108	3.43547048116342
5.65697215811899	4.24437631846837
8.39980817967389	2.37481044199728
2.27307395223498	4.00536380199409
5.01017132934203	3.78015175610612
5.41821479255913	4.56591307542043
3.15945286408553	5.87494695147258
8.47270372297835	3.1303107073912
3.39511098497056	2.80361968210836
2.32748932813971	3.80732781227794
8.02694802123053	2.65034174607392
3.18247169457712	4.85030526882823
7.42416271424969	4.62849397454134
7.69261269904557	1.69621784778229
2.8900356572121	3.19575077189045
8.30971739121788	2.10700669988945
3.48974252400907	4.77938602851997
4.47422385912726	4.24697913982978
3.71291281466266	3.43900416032476
7.31621675510545	1.86765363096709
8.0842320884369	1.73880198579671
3.63242944499371	4.58695658063417
6.98034823031198	1.59084432577094
3.33879892145551	5.2265499237354
6.00107888393488	1.31443327650064
7.76976553695145	3.48253461063003
3.16199660316725	2.04836750752592
4.35321894157737	4.36246458123008
5.35656438957156	1.79633634517087
4.61313815745358	4.39527879631118
3.73215874381365	3.40511214738493
5.21934523552065	2.49877476419004
6.7885001352787	4.85155228440229
7.08671244557661	2.89855641365836
6.60552386066113	4.0777337901397
4.89597617673499	6.00025311415377
7.28894739625043	1.75998490204583
7.59110341696249	2.15710923967197
6.10465451597574	2.01410690247069
6.49805042264667	5.05811366755331
1.16082772863991	4.2935467537849
3.3161999386012	3.02485321829355
7.12910302430566	1.75932535674867
3.28132943993543	2.20841909319069
8.44168330288006	2.89081846253392
5.98547298417042	1.77605936423028
7.30401881467484	2.02830108450947
6.26466056882884	5.22514066819169
3.96687111995605	3.32263500807429
3.34889366191355	2.70098508450166
6.84142546250146	4.33173042590335
5.54044445985598	4.50631474402006
4.16001368909472	2.45077349272065
7.04002296589736	3.42985311868429
3.99142421433982	4.84148004597715
7.98498437675091	3.59222027945871
2.68025812198641	1.99843311487268
5.96662791148155	4.02649888336794
6.82187943915547	3.29519801553989
4.6248769793939	3.81043314346234
7.05262201219518	3.55210574718821
9.05619577536338	3.33634411102027
5.9657850255529	1.90933000777682
3.26264148772044	3.70492176690269
6.44357328857529	4.84072187560596
5.45831190804015	1.81461444831251
7.02796800195368	3.80905053280649
2.98658039864377	4.94172837174006
4.88907270488752	1.7734476467649
2.92251518227932	5.4041597406193
8.38997787623627	3.34075378695683
3.94493365680776	4.16344695869951
5.7936920632596	1.9894541689066
8.18146324241913	1.39083318456748
3.42142963138995	1.07537580776747
3.94408891959142	1.91363627134589
4.80293056895538	3.53818810217684
7.48861275195124	4.02232456455703
6.60578889207132	4.1413825595984
4.30964247609141	1.77776776732233
5.31120724117428	4.93034355087025
6.6008831125129	1.84213191749878
6.43748289054324	3.97472488747521
3.95623549210023	5.63047004722679
2.97030660834542	5.5954365384678
6.82256573100496	3.57846121665445
2.51446939851228	2.41275983867862
4.57613443144661	4.00424015349986
4.93747023653649	1.94838633797106
5.66784124406392	2.25543655465104
6.45631262467763	1.78832888693661
6.00422903780679	5.87598880786205
5.59404826086721	4.5858987083672
3.12192378502968	4.54052646047547
3.98278131107697	4.0094161226494
4.3178125083565	4.09207264898289
5.1580822140112	5.10595021841447
4.02495563867264	4.51639280230154
2.12839651481216	2.82487170703215
7.41953115874398	2.40996402142765
3.78465820122513	3.29580882872603
3.57241272370362	2.85967338913939
7.84397593910503	3.71759345477562
5.27189036880512	2.26207575783236
7.09873973282147	2.27711265755111
6.19972429031018	3.62736845512791
5.87675271780845	3.79591703737585
6.80337583515588	3.3188372543122
5.61578859150637	3.09403870288898
3.32883413208988	4.03890854955246
7.0086787632168	2.25774831640732
4.82379379588913	3.96786361470737
3.53728521194833	3.42269770446578
7.72570948081018	1.6281305461369
5.66489816417343	5.20136327569546
4.41275207464702	3.89177690162679
2.73957817027605	1.75894370643086
7.25868576708982	4.18269471875624
4.16757848406575	3.68511048457915
4.0610234348841	5.00039193072473
2.18482984972563	3.79946903914457
6.25586440903536	3.93930467815723
5.93555502465182	1.23608917057767
6.26115544826364	4.54528071351518
3.96715006643805	2.16065421278789
6.81811468010403	4.59543794416952
6.17787882240588	4.41041237707326
5.03085996770816	5.99873145244086
6.95667000466634	1.48081485037
6.63794625673412	4.8383338732672
4.50882206033235	2.38312767289136
5.32566415747904	2.83400182205033
8.89955464628392	2.06865217365616
8.21483054288379	2.48651482996568
5.71825549023859	5.6417237283158
8.17160520982283	2.56927726124628
7.44231059895793	2.67854806983929
8.35805202098329	1.91120122335253
5.29348135920154	2.20347898901646
6.71939860268434	1.75343281538585
8.23994698551292	3.25349371675238
8.01389874933997	3.8450008375486
6.32954874764235	1.90635597132973
8.13978959534424	3.56359492667
4.30182817581543	4.42427191845418
6.09558333368133	1.97320194380585
3.75062248581203	3.84340362938398
5.86416895414064	2.25858605303481
7.04933095638723	2.21661700527409
7.01096151819343	3.51966472226132
4.2148965975737	3.70842732310709
3.35540151390459	4.90975772985566
4.19321920134862	4.19042820944348
4.17332780325908	2.03828523198848
3.78098321907549	6.28836041290132
6.39623052976428	2.17658719577818
5.84318048550973	5.35858197177375
8.84916880885555	2.21318779483959
4.14321212425869	5.95368001462244
4.51444701243423	3.1619385398271
6.08062214016181	1.74521329958239
6.84926985124139	3.71851165605168
3.48833972031935	3.90284936859564
4.99279636459188	1.83091993330508
4.14104123476142	4.65981108805421
8.66353509944653	1.75869644280494
4.94318329135312	4.52705459669139
3.96793320536435	4.16871102390672
5.94627648428396	1.93651533898108
5.32553675777851	2.23025815968559
4.2121871456139	2.10271681402446
4.9924307124489	4.13410028484603
8.3633770988612	2.50678295844359
8.71739347167962	3.01739650144802
4.07237412757885	2.6251868886311
3.85408687842959	3.99080285236657
6.07667457445028	3.85072294538415
5.91265312677027	1.57967773327375
6.43810617091269	4.98442039935411
2.9127915728885	3.34392353087785
2.24664767483325	2.72650793655827
8.20567307840031	2.15903172340889
5.57129981456427	2.78361346073448
7.13704808822476	3.70969254744179
7.75031656466289	1.39587975813792
2.797879447382	2.15346040527575
3.00255162021997	4.3383522636604
8.1057138561384	1.75605271025207
7.44606910867792	2.51736204921102
6.30319546379877	4.10630876683621
3.08256715515852	5.63227730988838
2.91692031584367	2.91496675702325
3.34472938664808	1.63261445581023
7.22488579053944	3.25328604119367
6.29767336802317	2.0132527992617
4.54021301512874	4.75058740407612
6.66367216701203	5.05483244202519
2.24347922908858	4.99872615244882
3.9273477420121	4.07576766004967
2.78987676674801	3.28210928322738
7.84665301819301	2.01687496917602
6.91842699653176	3.51036242164126
3.93079150743095	3.65311891525631
8.01136638037377	2.04653901015308
7.90227591792063	3.35755637637019
6.9888234184784	3.47008302664207
4.27499482356892	4.55956036399964
8.46044982592269	2.53125794961827
6.08614570977485	4.70209319704608
3.8148954318502	5.05230694521564
6.67979264136155	1.9248655535674
5.55179792790858	2.6188783187406
5.22890254152157	1.66750561245192
3.23249223183677	3.06569647303442
4.21539244143653	4.26358480129294
3.64346781302737	5.80730771755501
8.57529345132527	1.68515910557033
6.38940970632777	3.68497107463594
5.73159503404365	2.30938491646575
7.23065474569163	2.80238737529806
5.9294175647421	2.25585609068095
2.98153228417588	2.19323485928404
6.09569476601595	1.97646769094812
6.97751130557207	4.18341192885382
5.53161915439309	1.78432506937319
8.03500481259597	2.93249578570308
3.75155462254278	4.92406734080395
4.74744769751802	3.53994243253211
3.08046789596613	1.86481381673033
5.15135991872461	3.78131721773461
7.89429258977104	2.44769780470896
4.34881554726128	2.3554693088689
3.61773822890141	4.19667840929699
5.55881603048791	5.53328763469424
6.1304817658695	4.01236821505613
6.58604758368401	1.74111075833823
4.07825299881954	6.16163398264607
5.83343849914776	2.25343538828604
4.01641993693947	3.90884941361703
4.7800374750619	3.99481659110367
2.64112853222801	3.15417647167485
9.15367836809445	1.99408954897249
6.28904721520868	3.19583031260513
6.21915676172555	4.42723263318473
4.57560770879331	1.71581439164822
3.076777533595	4.90424193790816
4.30386188896166	5.07220927733848
8.13015405712642	1.67521735695144
7.03196672831855	4.45659871922471
6.53690177145254	4.22715433130021
6.42803135617066	3.39181273895524
5.3122320812276	2.27798249760022
4.82637946828495	2.11830270545433
8.53482377050135	3.05683529702851
7.34227455855869	4.58023144253797
6.93309352657778	1.93208204381248
1.7238205678701	3.45089252564235
5.13689508664569	4.62932094427587
3.56995082520293	3.13002266325368
3.4741103276625	3.93023492354529
7.14183836335611	3.58916758796021
7.48594460743422	2.5075178876962
2.68101345867302	4.00048227549016
4.15787185597334	3.5294138529868
3.46722196727634	3.09118063028882
6.91935222107019	3.99346061763057
4.82366273175747	3.6389924652958
3.18610823930206	5.97118272344734
7.23479365411103	2.25969192569031
5.0974194267557	5.37400909094873
7.9133486359142	2.23671813298757
7.75451730676812	3.06174989273375
4.67714680142298	4.0652926208841
5.62701482535132	2.39014165989392
3.38884275698687	4.44045171027244
3.38471774254653	4.85261651864335
6.38976209099143	4.17246751023564
8.2863091974133	2.64789379148366
4.74830166772083	5.9985784721622
8.24271932058606	2.12198661958244
3.60631032111736	2.14498005760495
5.74561840179198	5.51329813681282
3.89671887315755	4.51231402251505
7.65217964890032	3.82652905909427
4.38036196632189	3.3738920413372
7.41027391345917	1.75815135053809
2.73111510101368	3.9518838423483
5.71463106241537	2.37173905585946
4.27875421541316	4.2150601194693
2.5386545498759	4.60220660751829
8.17204884869811	3.21593784826925
3.0178439296486	3.10471033493902
5.69443123043602	3.96911071547865
4.2040491030158	1.78896077390837
2.4000864845246	4.1699369929089
3.58385381421784	2.02267915206523
5.38338186222275	1.82187859455084
7.88713900522342	2.06143175484882
3.8350975410147	4.91926399369568
8.5832271878689	2.28093949328833
4.22594181200811	4.77236774343018
3.47918908907157	4.37829835382436
7.97651842939747	3.07347794775022
8.10970777273745	1.97811343358339
4.13535072703318	3.93017304732241
4.9813060013382	4.66420423923313
3.74752762162405	3.93317683497816
4.99841896636723	5.21232231795051
4.63009069787025	3.45906095497208
3.18137087001165	3.38253389821593
7.92550662689908	3.94295646813569
6.94005343775564	1.42172490098539
5.55303393540854	4.68284376546384
4.30559000701059	3.87653252174818
6.4614004115995	4.66820841124625
8.09191723607672	2.69320462203028
3.8056568636433	5.72820281975932
5.75417573903522	5.10667374228557
7.17839766957814	2.34822661858824
9.18017103984119	1.76219972252406
3.57882552361352	6.01669625594195
1.95057769597859	4.89653696716335
4.26921672623263	4.51379388348621
5.58786080249491	6.12726751418188
4.6645698841965	2.16280556769549
7.18813563300989	2.15983714318227
4.23000689305897	3.52694814206824
6.53973036124215	4.56310352219282
6.85002210075788	1.88448516767262
5.13533266411655	1.35796015253369
4.50794102310713	4.40398105358193
5.81342960629697	2.15201461718756
2.4012752514745	4.31854407919852
4.90428397757297	2.98133247578424
8.83158392379324	2.7860047560381
4.44768345226661	1.77640906375648
3.08414336785308	3.96782039748667
7.89559583111527	3.41215244580606
4.64665666618166	3.16520135983347
3.20656350325181	4.9460688171473
3.93840425212309	3.63359949631811
4.88569298194373	6.4908505859285
6.20138171932073	4.22353160986756
7.50228290710063	2.00883101610976
5.52531155707656	4.51454824116225
5.13452491978853	1.55129498631893
3.83138135131749	3.17126489255539
2.39900349353091	4.42183785299079
2.82897498600037	4.65803788594862
5.64826432470206	4.38534879090617
7.04520393369396	1.20109105461213
3.90752754893454	2.1132916831785
5.94594274686653	4.65485048956427
3.29080366162954	3.5824917559917
7.52337591815282	1.83035602774893
6.66731277588598	1.75569469414938
6.61327452058378	4.87818602376014
5.22011762551316	2.70668636175914
4.15680355438926	4.80705290239484
4.42127577780562	4.98209458879495
4.29334999856644	2.01965436696251
5.52363494462826	2.27991555190819
7.82429820244427	1.97005827366097
2.67916958672979	5.21989322510369
4.70834959972485	2.92508583786779
8.92041476692959	1.58661293369992
7.14390694826201	4.31360292956381
4.72542210299858	4.87276134141094
5.19017981476325	2.33686369153361
2.50423538166013	4.1320394508697
3.28443278321767	2.49301016541232
4.42119861269887	5.85327878890927
4.83795971010335	4.85347535300703
2.91054287784856	3.29141405590642
4.65471213697742	5.17423780799343
3.31814802862552	3.58936009818736
7.14985411512841	2.43737276708556
7.7533176503662	3.5708327313548
4.39960051888649	3.3867474271642
3.99193045149024	1.35086438510828
5.79248091938714	4.07783286526601
4.53132797710508	1.52157222373827
5.13514129351208	5.19714735320112
4.34959975996202	3.07272036356123
5.15540702957283	3.3133342527184
7.03737503341426	2.24536816739076
9.92064710989657	2.19373116384553
4.4831243654895	1.9937182533012
2.8360724028479	2.43895149581228
4.71238365804212	2.07047479510528
6.80370741228293	4.91603224783967
3.19040077321706	4.64479298727888
6.11480344740206	5.09456812662389
4.10924387342405	4.09406858749536
6.72662587720692	3.41680805452477
5.06137793325318	5.18800201644926
8.82787969414053	3.06828409808383
6.36135811114073	2.03343242486674
3.79864297522442	5.59491444580325
2.64201173994426	4.78677960956527
8.69366274921645	2.18457874090723
3.62032050678078	4.34833711777765
6.69688104786749	2.07375734007515
3.56748256299406	2.92925094777584
4.719679209174	4.40237435496806
6.21812675648495	4.99069833025881
3.62723399203632	4.46499430559294
5.70433957395685	5.2376106521158
4.59734025050823	3.37034775253252
3.31774738155238	5.37142656388087
7.46739715548097	2.6528215173074
4.89605483469838	3.98812062085124
7.72242372049812	2.2898827493067
5.69463389888192	6.11158271405334
2.99726484948119	4.37135380016015
6.38226478274763	4.09704968906273
2.78026305576877	4.91584220803111
7.5118546872245	2.53013659517794
4.75272121268614	2.14893886527893
4.50415430218026	5.11297918116715
7.7850262335552	3.2007988401718
2.18310829173838	3.78065281880049
5.35686309424932	4.57001882177638
4.62993939625346	5.31297115615056
6.61762277623813	2.43100141167319
5.32754156337597	1.87188963073103
4.97361278347259	4.92363899966035
8.48042345687226	2.81327127744487
6.71310378539752	3.88395378842342
3.65323183085894	3.86077055251155
6.78064240684338	5.07675454748702
7.0088676750879	4.52487048860072
5.22932006918356	4.90653655453893
7.97049622157425	3.22492054474056
6.03808368508659	4.05889815032168
3.1029451980985	1.65196634816523
8.56212436348032	2.46337484503995
6.84293932232298	2.65746313122207
3.97929791417368	6.48209322983792
5.32959788060443	5.50303187060809
8.18427722736485	1.46183747617917
7.44161825141243	3.73125208735071
9.28222611715339	1.13909155652238
3.77552561428251	1.7654971236331
7.79847445863317	3.94437510512359
3.4254072107833	2.93215179145487
4.54292737772266	5.20019462756977
6.88422079561093	1.44192411294019
5.39548690696192	4.40362792622679
5.99157770755437	2.16995619989554
4.96478052590217	4.01816268763186
8.81709513539744	2.03787369723567
6.64990690037741	4.04752265940697
3.45656762141769	4.2639781388562
9.42359373639929	2.0959060555185
2.52664071383903	1.5717880719857
8.31603339935959	1.91727113720659
7.5814277905855	2.87567160060338
2.94377925089229	2.898169778044
7.4608557384509	4.45079859550526
4.34126565510183	3.07977907003975
2.45332138602632	3.24561557273999
4.62662481094862	4.69019500767445
4.93398947687661	2.1862170261503
6.57736413243756	2.16861272577941
4.56652224284401	1.74108184120838
3.35937815446427	3.03305249721569
3.90692384747981	5.50916235484034
8.04369287833344	4.00105581794478
4.79718217479297	2.28542539081115
2.68826897283884	5.17306193422732
5.4009225713372	5.50511456339055
4.74519885325614	5.45407080527098
7.41344965371772	4.49510745100718
6.43745063381842	4.01810983343857
6.04007466235557	5.18180228444191
4.05292706333535	1.62924280730996
5.57745023601287	4.11855064295585
2.7741687091364	3.46330954753519
5.07347342080985	5.93964921951886
4.22263807180482	4.50735732008757
3.26105264497829	2.44303307293725
8.19046204956147	2.53750944826296
5.76569401249919	5.20347182244504
5.30089551273673	5.62606853544612
3.88058911907822	4.01474913258412
8.0511625893385	1.7708137626732
6.92529255642433	1.72542618434276
3.68475490776838	1.75163488343289
4.07569634786459	4.3896676594418
8.34289304816217	2.92439812491604
4.18068573091517	5.55544754381162
6.23916002259387	1.60636064241917
4.70659683285466	5.35587839485645
8.63366661859881	1.79070068330966
4.66348532578282	2.13794582333893
3.86782543247997	3.7028446125555
5.18537511057368	2.40510371408125
2.47477735486381	3.42632540590426
3.6977281838017	2.65104755695407
1.89998922084266	4.00758914533098
4.28749338800779	4.31330304911453
4.48593084535616	2.23260746748234
6.83462722629254	2.05291400365469
7.74716486923123	3.36608378939878
3.47179853294578	5.97692325390284
5.54674620683681	3.99506555429913
6.15649004343815	4.80025978899423
3.43886492583258	4.3497385907554
5.94679088309339	5.03262927697623
3.74502005319707	3.57027362093562
6.0042568423157	3.1488048258926
3.96668884402415	5.27492846707928
2.76291452625587	3.71697933082855
4.41964698889644	7.4166846231889
8.31143444180575	2.97498242267354
5.69376994152661	1.84377359642928
8.43795200592382	2.67973991958719
5.02096896564992	1.91099679208426
3.39954719679749	2.75538897646349
5.08233154264422	2.30251625560001
3.83568381907886	3.60945797705757
4.14959436081713	4.5197204615466
7.37526582867407	3.47291288880018
5.1010113729349	4.28101655356171
6.87679227967626	1.95976494976953
7.24585804358397	4.4595057138202
6.06798875382137	1.87023012327427
8.58550873641544	2.69552173860248
9.44888126804291	0.790175547327262
3.9134640510285	5.10237612535547
3.75447196644048	0.725615053393066
2.76014922027929	4.2209334219937
8.79639233689822	2.91126373490217
4.51638415571004	1.7261085705329
7.32884329213474	4.71912857625842
6.44976659296099	2.57568797488894
3.90213171556235	5.62924688527336
4.60908628780809	3.59554357759162
6.16467461115922	1.51500401853606
7.16160340511238	3.55602707115035
5.63713275621458	1.89001755358306
3.81925081560383	3.43144211326868
3.82115484777756	4.40690539852994
8.90408450865647	2.33373017837105
8.7621608009643	1.86439781756746
7.28753654664952	3.04883725453311
5.43499896903082	2.27218770997043
3.39482633304303	3.71140829204563
8.75948064432207	2.09214320462946
5.34213865793634	1.68548868041634
3.97819971061863	2.85821728658964
5.09947424000364	2.14051575127374
8.75218511113613	1.45258008162035
6.44750739796612	4.08178676788785
8.28901845874484	2.02566227892954
7.26093999692714	1.48781343364189
9.25770805614563	2.7452788922904
6.47433024939221	4.48824845957201
3.54017518090892	2.68528774926883
6.6258308464244	3.41578375683928
4.75032001781694	4.67433181184316
3.803751406756	4.29418484475748
7.67666810845329	3.06206075017685
3.98999642457982	4.41792600391644
3.32974380684359	6.35570506649645
2.6908461863776	5.50111735516977
3.04113307124313	2.7208980592141
4.7349846545859	4.05296262288484
6.73225915685978	3.1062803115745
3.29154110343388	2.53527101351893
5.29797144753343	2.46349953659356
5.26848095319165	2.73012508781818
3.25506935129906	2.11500260292882
8.38245177987234	2.30276347101156
7.80514176825542	3.94534136970193
4.26086010904572	2.30560728963229
2.92929897175822	3.32749973595043
5.04147459740305	1.51464411857579
6.52070383951243	1.78199170456499
3.39105910899364	4.28664874126786
7.65741590739085	2.25241950582918
5.32083548641633	2.00002288658468
7.48778783675695	3.13777464699869
5.06551485608349	2.08245577783309
7.32584525742253	2.25241752102852
3.64426643716706	4.10497607305997
3.53172005297243	4.98371763719441
2.72257888858503	2.57080720862201
4.49397039352607	3.24517801508631
4.19265775768757	3.57226650991632
5.51926140676033	6.10642360765864
6.79627884913848	1.46278937232446
6.63014421020434	2.17180471743195
5.39387319249741	4.28910980298204
7.20704292322949	3.37872137030635
4.38627613126747	1.48565604313234
7.63197837143781	1.66252657931932
2.59306163494597	4.47491791491381
7.66997798660994	3.48144575354343
3.08525341834362	2.19173349519425
7.52589645247447	2.72483699624134
4.70708920123672	3.10097785606718
3.47547321897281	5.09984768211603
7.26872045554034	1.77331288850938
8.57551234250222	3.6214440241357
4.7986877084789	4.99243178606785
7.65692155186907	3.30324238469782
4.84011731689569	1.77049877790824
2.64787715701194	2.12630138502672
5.84413548388431	3.70878886366859
5.20246902251041	5.34216784277791
4.2224611713398	3.36916396319392
2.96023945567836	4.63636574280409
7.17961223323999	3.37367558112067
4.24810478127797	2.082897915829
6.90692259474165	4.3826897529692
6.49078553894571	1.77834738640303
4.88038559242004	3.8868619900717
6.4149683422539	4.35954392920708
6.11315716330055	3.09570373346011
2.72045390704096	1.9187194912244
5.58953636610297	2.0516492084232
9.44064357774363	1.71301790893762
3.48122311279869	3.31800898565541
7.17325928602974	2.22664820925619
8.28995249418723	2.37022359869019
7.01399143309357	5.03238902836882
5.07142341949434	1.82797316943884
4.4329042491519	5.42043915967835
3.81006513103177	5.34665571653512
4.35574155670711	4.19517138128417
6.05532456489922	4.89104064098813
9.29166282949786	0.774116625710964
5.33097088467554	6.16001554149116
7.36460679633576	3.8109941570501
8.47332995794428	3.51410458305118
6.53953095116899	2.45757339825941
5.80409076306831	6.10266269457777
7.13241887310642	2.00854620894188
4.86720301958673	5.45962768555213
8.1233880950037	3.04441909992723
5.02943847981604	5.02740904932959
4.81587831253144	4.0558963105539
3.94980411438149	3.94298139062747
6.54607727388096	3.70128068501416
6.41414221244597	4.42734656082107
5.33111132753111	4.24433488112734
3.19170924209828	4.579280453961
5.69538545662944	4.97305077140719
2.89856183950172	3.7408149352208
6.570348636393	3.51801974151781
3.1193898814826	5.58794228800657
4.32609243942831	4.81312575615915
3.43459145082473	4.58541312198278
7.42776319295825	3.97465279507292
9.10189874695398	2.36909181081647
8.71847019081663	3.35716418044787
7.94316101439611	2.11405584054356
3.09907691790688	3.43286059885849
4.2249664454911	2.41215556951102
6.59043923021412	1.84737395115318
4.69228553099312	5.22891016460743
4.3947817126222	4.31724653828112
7.55833585560871	1.92359811551766
6.14984995930496	5.40817198523772
5.34611465272063	1.65142692581911
8.2316425550709	2.46257052939952
5.78459822597538	3.32999382625449
4.68972452075244	1.86834759707548
8.17912568746398	2.91883197388614
5.05438771687018	3.99402518941177
6.28562883100596	5.23354848794742
4.42866760132171	1.64157702443491
9.03265785109749	1.94254438885652
7.56407453078714	2.87269152959284
4.82128154838047	1.87820980101827
8.32296198833049	1.88166670153935
6.8839437212557	3.46671754077117
4.09014930991494	3.70348264835267
5.52063531220374	2.98677194985278
7.87387820648244	2.64422978486908
7.95980368002639	2.94350481802398
5.8173782193402	4.67076599731677
5.10754025975119	2.69204546382565
7.84334824732218	2.36976769804094
2.71894983268822	3.57027680076936
8.97757342677816	3.1282079943615
6.27667246628186	4.23478892402437
8.95719171757642	2.56004910195829
4.55014849723472	5.74036120837284
4.32539031047894	4.25509647728188
9.92957174420627	2.04645425189647
4.58910083176337	2.25919704218858
5.12850992769289	2.12661919196984
4.84405846225378	1.8716763897388
7.17373311568909	1.6166459499446
4.79786176705956	3.66728660728787
2.80753894125983	3.21541529934569
5.8170540210592	5.15626149793557
3.69011343039082	4.43405955148464
8.07951836934111	2.10039915628716
4.89184118309603	6.1783796625021
3.88710455902164	2.43049728420273
3.33006492243244	4.63764595029718
5.69376771011227	4.71518355935054
3.18042358531616	4.55638610935641
3.70867132637571	3.33034298583714
6.77565670510025	3.90810156348587
5.59896260430979	1.76035967046169
2.58119666948001	2.3877464522452
4.74709331365348	0.794165872098749
4.47846053560527	6.78993358161329
3.27131242490893	3.92679710608486
4.4180245643202	4.95376717971015
4.5730326304012	2.23526233148227
4.50525893698831	5.24043050234029
6.14759590468005	3.81440451218779
5.72339650609453	3.26601687826063
5.61045280858966	6.28913353422676
6.47086136894657	2.16606901773728
4.09623443978589	2.16728778544125
6.63381638556186	1.78294415130231
3.83814673698095	3.57144899839156
5.38096546187327	4.34275334841987
6.00620935443701	4.90139640741653
3.84951279149816	4.84530794655034
6.62114355257536	2.05531205596304
6.37385884797112	1.32238942503177
3.46034213627877	1.96733091841966
3.67889200464401	5.88008711025651
6.95046088493021	2.81988977177128
4.22864142617568	5.30278791848678
6.62955674620577	1.91347998216847
9.052938543207	1.67954214392547
6.53755534099357	2.07742576009841
7.37043830851989	4.41655521592936
4.98421198428566	5.92327521601397
0.877953891758097	4.55916108821821
5.04985178377477	3.5565353268031
5.92166498566205	3.08930005853702
3.99904397281429	3.20907087162587
6.36120499791758	4.02490126407972
3.84286841976589	2.34488099026696
5.25043230418228	2.75420917139413
5.9971696816991	2.1700115820103
5.12803687768322	5.19882618038967
4.25451891300687	1.98805043542734
4.81733637236508	5.22045407083416
4.5095137022344	2.81386834451846
4.96494917045763	4.23556214008453
4.95935156987052	2.03688005599559
7.01582916367788	4.06932460190853
5.56244595940671	5.22435786725344
5.21829768019396	4.31320068123954
5.85113988516195	2.15255904939364
8.50639360785223	3.42479129546408
8.2550625882052	1.53199069219361
6.03746465182751	4.71335395882975
4.92252108302868	5.73845112507113
2.66237524782811	3.18718709596087
2.32260110331372	2.21420423404772
7.45273699740456	2.82855336696134
3.98902321129962	3.68813006517473
5.62818583165497	5.23024017012431
6.20421230431742	1.60652578786388
4.13050197488866	3.29527762486232
4.31388062741006	4.12871807211443
3.96503513884224	3.36237641035412
9.09861618994033	2.39341587610414
8.70454484809779	1.57687089411738
4.79221786330359	4.75296024146921
2.1432865618379	5.14298786225614
5.50651468200602	4.72428544601463
6.34088555256583	2.15934325617229
4.50109495777689	6.32633569770162
3.1232108429614	1.68353000479547
5.13141415852341	3.89750295242047
3.38288851476743	1.25833655509528
7.66705553832133	3.05493723088324
8.6128015158819	1.62351603750941
5.56378204389723	5.28425286557305
7.57539398892835	2.37863444313084
2.18949934767968	2.41145690098357
6.0918034829699	1.75720139670278
2.39147491714838	3.66604114760258
5.33955222962357	4.02266363383007
2.91663069588681	5.39734373758181
6.40515554855416	2.18874469059731
4.34419610327986	3.36616368188917
3.36169801420634	4.26167548567972
5.54729869307331	2.25694289419558
5.08696129830819	3.69981959314762
3.99342495088284	3.73173954891067
3.84343316345531	4.28572517818554
3.47979263804858	1.59661886681222
5.15558251201913	3.75122010692979
3.8462870268757	2.03097743653175
2.04233701397701	2.474685486896
5.22035669464065	2.53416809634442
1.26490165918534	4.23647009863174
3.26647794366369	3.70492676423322
6.12403554582553	4.01662494856222
2.97748258484325	3.18626794667191
6.73807950529923	1.76373108096941
2.42259380868612	5.77332527287897
4.58742223501311	4.48800338652616
4.20805304857293	3.21719227905296
4.89560163259119	4.85369094671349
8.20476769237708	1.67441048499667
4.88431089145957	4.46294399974196
5.29654967510141	1.4052059424054
5.23780583981905	1.84747701188111
4.86836900361881	1.75864989094606
6.81119115077149	4.1021545811598
5.99898041441325	2.22556786047672
4.82947128652191	1.27824076287546
4.74156766060146	1.82737371025351
3.19194980878752	1.89021517931847
7.49031530326243	2.70840818875233
8.05359361343398	2.03790891746134
6.76748738999639	4.79517933410057
8.64964744831683	1.6382726619186
4.03204475731398	2.82675874735029
5.84636315664013	4.07428655267821
8.41309549216751	3.10169394519142
3.70963588105967	3.07931055848838
3.69254153521265	2.89344120955174
5.16652869188797	5.40214111034736
4.15831911068998	2.32005042257616
3.33407943460342	4.12692019773404
6.69136871698325	3.94233353098819
9.03078904542276	2.14658462986603
3.21439151642023	4.87902195456465
8.65939913933946	2.72501848686552
5.91622691417802	2.07474180197729
3.8276390093502	2.08726412487277
7.61217807723791	3.37620647287374
6.89232301908184	3.03166839430559
4.0517579581401	3.98552521360917
6.7827698136738	1.92089199409214
8.12107488590142	2.04703740676483
6.8888330997622	4.45378115235605
7.697620933036	3.31930154430268
5.47501399143574	1.88014084673022
6.10799629681915	4.93112280228354
8.66716822294232	1.76444626854332
5.69115723248347	5.39060023510382
4.18300988829159	1.45405125447422
5.52823421996497	5.91595199810711
8.51341170999111	2.5059552032806
5.11393025827292	2.14551639730719
8.48746241691673	3.77898666083632
4.51372963926227	4.83187056752173
4.85003366279803	3.55334581113146
3.00957396823003	3.6763380052431
7.48782074930685	3.14381483723009
3.77654457846589	4.80997831616045
6.67800690029068	1.6469283937881
7.82810347453227	3.76361527100289
6.57733334328383	4.71636301244245
4.68301672734099	6.52712338805211
7.57505883345159	3.87946376570161
7.48180247299983	4.39826338595492
5.39101142385299	2.65841135079938
7.82951981642433	4.07638211572576
5.71229516584903	6.77840392932918
8.14279160150844	3.66360732841387
4.22196355550993	4.33076934153723
3.73424302212978	4.53340017972576
4.20491509357187	5.01387775626252
7.98306159405741	2.6809851424324
4.19862037129271	3.22508591755408
5.98024242847446	1.63131437990249
4.14488424407994	5.56354931736632
5.20551355082616	2.65977142721964
3.77197156851678	3.52888412545183
5.58134026535551	4.72668415294735
6.26866607672247	2.28399108936246
5.42051455415639	3.49430491035152
6.65438110896612	1.82829687910907
6.65242741160131	4.11274925713651
4.61500014229707	3.36901017709032
7.0455770477963	3.84027703441498
5.83987902523278	4.83588255257195
4.2247821554029	1.86794690036163
6.75503908086469	2.10702214131651
5.24285317851235	5.90131437157175
7.0686087022771	4.93615288928725
6.31935897396166	2.57995496264145
7.32975144376758	4.60525672636319
4.63044035731253	4.55482456971869
5.21215006072382	2.47405606695687
7.15116319942317	4.73564980975655
5.27429370092776	1.87934621201079
4.2906566152034	4.4003072489279
4.63603361480872	5.79875104972258
3.97399069070595	4.4384312381442
6.11944252590623	1.72556490896121
8.36991097193886	2.03580586380065
4.2120056400608	4.45397293741739
6.42962747157738	2.45796313017184
4.19735321904863	3.1213068481457
2.67257822071346	3.90586770187637
4.70348046768791	3.56354977540769
7.0513003441798	3.88675711078046
4.08294419050943	2.19284545095279
0.218049214161916	1.73935888040925
6.91281814939468	1.64332907483082
4.024611225813	4.53259105975556
